66
-50 230
0 222
18 211
37 192
58 172
67 149
73 118
89 95
113 73
142 64
183 61
214 68
241 90
251 115
255 143
250 173
239 199
213 226
179 247
136 274
100 301
66 339
48 376
38 424
38 470
53 519
78 553
130 565
194 556
221 527
222 492
214 464
186 428
181 398
198 363
228 343
270 334
300 343
320 372
333 408
345 438
352 480
367 516
414 540
462 545
507 535
533 513
537 467
516 431
486 399
436 359
397 326
374 285
365 212
365 146
380 101
420 73
464 76
499 105
511 145
518 186
534 244
562 289
591 316
598 320
650 324

